confusion_m =

   172     5     2     1     7     3     5     0
    16   182     1     1     7     2     3     0
     0     0   166     9     5     2     2     0
     1     0     1   191     0     2     2     0
     0     0     0     0   174     5     4     0
     0     0     0     0     1   160     2     0
     0     0     0     0    29     8   125     2
     1     0     1     0    16    19    11   100


confusion_m =

   182     6     2     0     3     1     1     0
     9   198     0     0     3     1     1     0
     1     0   176     5     0     1     1     0
     2     1     2   190     1     0     1     0
     0     0     0     0   175     2     6     0
     0     0     0     0     0   160     3     0
     0     0     0     0    25     7   130     2
     1     3     0     0    14     9     8   113


confusion_m =

   186     4     1     0     2     1     1     0
     5   202     1     0     3     0     1     0
     0     0   179     3     0     1     1     0
     2     1     2   191     0     0     1     0
     0     0     0     0   175     1     7     0
     0     0     0     0     0   162     1     0
     0     0     0     0    24     5   133     2
     1     2     0     0    13     5     8   119
     

confusion_m =

   187     4     1     0     3     0     0     0
     4   204     1     0     2     0     1     0
     0     0   182     2     0     0     0     0
     2     1     1   192     0     0     1     0
     0     0     0     0   175     1     7     0
     0     0     0     0     0   162     1     0
     0     0     0     0    21     4   135     4
     0     3     0     0    10     5     8   122
     

confusion_m =

   189     3     1     0     2     0     0     0
     6   203     1     0     1     0     1     0
     0     0   182     2     0     0     0     0
     0     3     0   193     0     0     1     0
     0     0     0     0   175     0     8     0
     0     0     0     0     0   162     1     0
     0     0     0     0    17     3   141     3
     0     2     0     0     9     4     6   127
     
confusion_m =

   168     5     0     1    27     2     5     1
     6   189     0     1     8     1     3     0
     0     2   170    16    12     2     2     1
     0     0     1   199     0     0     2     0
     0     0     0     0   157     1     6     2
     0     0     0     0     6   177     3     1
     0     0     0     0    30     5   120     0
     0     2     0     0    15     2     2    93


confusion_m =

   197     4     1     0     2     2     3     0
     7   198     0     1     1     0     1     0
     1     1   188     9     4     1     0     1
     0     0     2   199     0     0     1     0
     0     0     0     0   153     1    10     2
     0     0     0     0     5   178     4     0
     0     0     0     0    16     5   134     0
     1     1     0     0     7     1     4   100


confusion_m =

   199     2     1     0     2     2     3     0
     7   197     0     1     2     0     1     0
     2     1   191     6     3     1     1     0
     0     0     2   199     0     0     1     0
     0     0     0     0   156     0     8     2
     0     0     0     0     2   180     5     0
     0     0     0     0    17     3   135     0
     1     1     0     0     7     1     3   101


confusion_m =

   197     3     2     0     2     1     3     1
     5   200     0     1     1     0     1     0
     1     1   194     7     1     0     0     1
     0     0     3   198     0     0     1     0
     0     0     0     0   159     0     5     2
     0     0     0     0     3   179     3     2
     0     0     0     0    17     3   135     0
     1     1     0     0     7     1     2   102


confusion_m =

   201     2     1     0     1     1     2     1
     5   202     0     0     0     0     1     0
     0     1   193     9     1     0     1     0
     0     0     3   198     0     0     1     0
     0     0     0     0   159     0     6     1
     0     0     0     0     2   180     2     3
     0     0     0     0    17     1   137     0
     0     2     0     0     5     1     2   104


confusion_m =

   146    15     0     0    17     2     3     1
     4   175     1     1    12     2     4     1
     1     0   183    12     4     2     5     0
     1     1     0   197     1     0     2     0
     0     2     0     0   188     1     3     2
     1     0     1     0     5   190     7     2
     0     0     0     0    23     4   114     0
     1     1     0     0    12     4     2    90


confusion_m =

   169     4     0     0     7     0     3     1
     8   178     1     1     9     2     0     1
     1     0   197     3     4     0     2     0
     0     1     1   198     1     1     0     0
     0     1     0     0   187     1     4     3
     1     0     1     0     2   194     6     2
     0     0     0     0    14     5   122     0
     1     1     0     0     9     3     0    96


confusion_m =

   174     4     0     0     2     0     3     1
     4   190     1     1     3     0     1     0
     1     0   202     1     2     0     1     0
     0     1     1   197     1     1     1     0
     0     2     0     0   186     1     4     3
     1     0     1     0     2   194     5     3
     0     0     1     0    13     4   122     1
     1     1     1     0     9     1     1    96


confusion_m =

   176     3     0     0     3     0     1     1
     2   191     2     0     3     0     1     1
     1     0   204     1     1     0     0     0
     0     1     1   198     2     0     0     0
     1     2     0     0   186     0     5     2
     1     0     1     0     2   196     3     3
     0     0     0     0    14     2   125     0
     1     1     0     0     7     1     1    99


confusion_m =

   177     4     0     0     1     0     1     1
     3   193     1     1     1     0     1     0
     1     0   204     1     0     0     1     0
     0     1     1   198     0     0     2     0
     0     2     0     0   188     0     4     2
     1     0     1     0     2   194     5     3
     1     0     0     0    14     1   125     0
     1     2     0     0     6     1     2    98


confusion_m =

   143    19     1     0    23     1     5     0
     0   178     0     0     7     1     3     0
     1     6   181     7     8     0     5     0
     0     0     0   195     1     1     1     0
     0     0     0     0   183     4     3     0
     1     0     0     0     6   195     1     2
     0     0     1     0    28     2   105     2
     0     2     0     0    14     2     5   103


confusion_m =

   177     3     1     2     5     0     4     0
     5   177     0     0     4     0     3     0
     2     1   197     5     1     0     2     0
     0     0     3   194     0     0     1     0
     0     0     1     0   181     1     7     0
     1     0     0     1     1   198     3     1
     1     0     2     0    16     3   113     3
     1     1     1     0    10     2     4   107


confusion_m =

   183     4     1     1     2     0     1     0
     4   180     0     0     3     0     2     0
     1     1   204     1     0     0     1     0
     0     0     1   196     0     0     1     0
     0     0     1     0   185     0     4     0
     1     0     0     0     0   196     6     2
     1     0     2     0    16     2   115     2
     1     1     1     0    10     2     4   107


confusion_m =

   183     3     1     0     2     0     3     0
     2   183     0     0     3     0     1     0
     1     1   203     1     0     0     2     0
     0     0     1   196     0     0     1     0
     0     0     0     0   184     0     6     0
     1     0     0     0     0   196     6     2
     1     0     1     0    18     2   114     2
     1     2     0     0     8     2     4   109

